       100
       5972.969727       6057.554199
       5935.941406       6022.504395
       5792.644531       5938.404297
       5724.391113       5873.976074
END
       101
       5724.391113       5873.976074
       5583.549316       5752.108398
END
       102
       5583.549316       5752.108398
       5545.568359       5724.087402
       5458.031738       5689.944824
       5323.875488       5606.788086
       5264.720215       5580.140625
END
       103
       5264.720215       5580.140625
       5206.533691       5547.897949
END
       104
       5206.533691       5547.897949
       5163.729004       5529.195801
END
       105
       5163.729004       5529.195801
       5062.239258       5492.706543
       4894.344727       5454.273438
END
       106
       4894.344727       5454.273438
       4871.731934       5450.517578
END
       107
       4871.731934       5450.517578
       4837.110352       5429.959961
       4822.760254       5360.465820
       4805.000488       5324.540527
END
       108
       4805.000488       5324.540527
       4623.771973       5173.248535
       4569.427246       5147.073242
       4558.392578       5120.015137
       4556.041504       5076.180176
END
       109
       6135.196777       5179.046387
       6111.703125       5148.408691
       6117.571289       5073.809082
END
       110
       6117.571289       5073.809082
       6102.752441       4994.521484
END
       111
       4556.041504       5076.180176
       4553.234863       5011.362305
       4533.087402       4960.046875
       4502.340820       4918.977051
END
       112
       4502.340820       4918.977051
       4460.520508       4883.022461
       4355.166992       4856.787598
END
       113
       4355.166992       4856.787598
       4322.505859       4807.789062
       4307.190918       4740.623535
END
       114
       4307.190918       4740.623535
       4289.893066       4719.154785
       4257.658203       4714.454102
END
       115
       4257.658203       4714.454102
       4206.655273       4710.197754
       4168.681152       4676.580078
END
       116
       6102.752441       4994.521484
       6040.355469       4865.284668
       6026.041504       4767.812500
       6028.053711       4696.471191
       6006.913574       4668.470215
END
       117
       4168.681152       4676.580078
       4134.536133       4659.753418
       4057.060059       4660.595703
       4039.971680       4649.814941
END
       118
       6006.913574       4668.470215
       5922.257812       4638.527832
END
       119
       5922.257812       4638.527832
       5898.642578       4598.710449
END
END