1242
1279
1629
1677
1729
1780
1827
1878
1925
1976
2028
2085
2129
2177
2233
2293
2341
2393
2442
2495
2543
2595
2643
2695
2742
2793
2837
2885
2932
2983
3025
3116
3173
3223
3275
3346
3452
3503
3607
3663
3771
3833
4159
4228
4291
4366
4441
4600
4726
4797
4868
4932
4996
5057
5117
5177
5260
5336
5408
5479
5551
5636
5721
5806
5883
5960
6037
6114
6191
6261
6331
6401
6471
6539
6607
6675
6742
6809
6872
6935
6998
7061
7127
7193
7259
7325
7391
7457
7526
7595
7660
7725
7790
7855
7920
7983
8049
8115
8181
8247
8313
8379
8439
8499
8569
8692
8769
8905
9243
9415
9506
9917
10044
10247
10430
10541
10653
10757
10861
10971
11073
11179
11275
11378
11483
11597
11687
11774
11852
12017
12291
12398
12713
12830
12942
13061
13178
13290
13402
13504
13604
13703
13801
13907
14005
14271
14364
14616
14709
14961
15054
15306
15399
15488
15726
15814
15897
16125
16211
16292
16371
16450
16532
16610
16686
16764
16902
17131
17219
17311
17401
17487
17575
17648
17723
17804
17879
17955
18034
18110
18258
18347
18438
18535
18626
18718
18813
18905
19077
19165
19255
19491
19571
19673
19784
19888
20061
20139
20232
20326
20425
20524
20625
20726
20836
20946
21044
21140
21238
21337
21440
21536
21634
21733
21783
21833
21942
22006
22069
22245
22306
22380
22452
22524
22591
22656
22721
22782
22846
22910
22971
23034
23097
23160
23220
23295
23368
23448
23508
23568
23643
23718
23800
23882
23951
24019
24078
24137
24196
24255
24314
24381
24448
24511
24574
24637
24703
24780
24851
24922
24990
25063
25136
25215
25287
25357
25425
25492
25556
25624
25696
25804
25865
25991
26059
26118
26182
26239
26301
26369
26428
26496
26558
26619
26693
26768
27076
27133
27189
27246
27303
27357
27424
27474
27537
27596
27662
27730
27795
27859
28029
28119
28203
28306
28383
28495
28560
28635
28710
28783
28850
28914
28978
29053
29106
29166
29221
29278
29337
29397
29454
29515
29573
29635
29694
29763
29826
29882
29944
30011
30069
30127
30184
30243
30294
30357
30430
30500
30565
30639
30708
30786
30859
30925
30986
31066
31138
31205
31280
31350
31420
31485
31555
31620
31691
31757
31827
31892
31962
32027
32096
32170
32240
32305
32368
32427
32493
32556
32624
32688
32752
32821
32889
32939
32999
33062
33121
33239
33312
33381
33457
33520
33596
33663
33726
33796
33859
33922
33982
34048
34118
34190
34265
34335
34404
34470
34542
34605
34680
34748
34811
34894
34962
35018
35070
35128
35188
35247
35308
35372
35435
35501
35559
35617
35679
35736
35795
35859
35912
35972
36043
36109
36163
36212
36281
36340
36402
36461
36525
36581
36653
36713
36769
36839
36895
36952
37020
37084
37145
37219
37285
37345
37409
37478
37542
37598
37660
37717
37776
37833
37895
37965
38022
38084
38138
38194
38249
38325
38384
38438
38498
38553
38613
38668
38735
38793
38854
38910
38959
39009
39062
39117
39181
39247
39313
39367
39428
39485
39540
39602
39662
39720
39775
39850
39925
40001
40077
40151
40220
40296
40369
40444
40517
40591
40664
40746
40822
40881
40942
41006
41062
41129
41193
41250
41312
41374
41431
41499
41569
41624
41682
41739
41799
41860
41927
41981
42036
42090
42161
42231
42286
42340
42394
42449
42509
42570
42625
42693
42746
42803
42861
42929
43006
43069
43136
43208
43271
43334
43394
43456
43581
43695
43763
43880
43919
43958
43996
44085
44141
44201
44242
44288
44340
44378
44420
44469
44522
44576
44634
44688
44746
44800
44858
44911
44968
45011
45058
45153
45198
45243
45297
45354
45408
45462
45516
45570
45627
45684
45738
45795
45849
45906
45963
46013
46061
46109
46266
46306
46350
46394
46442
46484
46530
46578
46616
46658
46698
46742
46784
46830
46871
46916
46963
47005
47087
47130
47221
47316
47419
47574
47671
47713
47758
47842
47934
47985
48039
48094
48161
48225
48291
48357
48427
48489
48571
48634
48695
48759
48820
48884
48950
49018
49083
49145
49209
49283
49340
49403
49462
49527
49595
49657
49719
49785
49843
49921
49980
50037
50108
50156
50210
50276
50344
50397
50450
50562
50624
50682
50741
50804
50868
51016
51076
51130
51200
51277
51350
51430
51489
51547
51620
51683
51742
51805
51876
51952
52009
52070
52133
52213
52277
52333
52388
52450
52511
52569
52628
52688
52752
52813
52866
52922
52984
53045
53108
53147
53191
53239
53284
53327
53371
53410
53458
53502
53544
53590
53634
53676
53719
53804
53865
53923
53974
54024
54068
54109
54148
54278
54341
54446
54505
54777
54857
54925
55004
55078
55149
55221
55287
55364
55441
55508
55594
55669
55741
55811
55882
55975
56047
56116
56197
56266
56341
56418
56492
56550
56608
56659
56711
56759
56815
56917
56976
57028
57078
57127
57175
58145
58249
58353
58456
58560
58663
58766
58869
58971
59074
59176
59279
59382
59485
59588
59691
59795
59898
60002
60106
60209
60311
60488
60591
60694
60796
60899
61002
61106
61208
61311
61415
61519
61622
61725
61828
61930
62034
62137
62241
62344
62447
62551
62655
62758
62861
62965
63069
63172
63275
63690
63793
63896
64000
64103
64206
64309
64412
64515
64618
64721
64824
64927
65030
65133
65235
65339
65442
65545
65649
65752
65855
65958
66060
66163
66267
66370
66473
66576
66680
66783
66886
66997
67100
67204
67307
67410
67528
67631
67735
67838
67941
68044
68148
68252
68355
68458
70740
70843
70947
71050
71153
71256
71358
71461
71564
71667
71770
71873
71976
72079
72183
72287
72390
72493
72597
72699
72801
72904
73007
73110
73214
73316
73419
73522
73625
73729
73832
73935
74038
74141
74245
74347
74502
74605
74709
74812
74915
75019
75121
75224
75327
75431
75579
75683
75786
75888
75990
76093
76196
76300
76402
76505
76609
77437
77540
77643
77746
77889
77993
78096
78199
78302
78405
78508
78611
78714
78817
78920
79031
79135
79237
79340
79443
79546
79650
79753
79856
79895
79998
80101
80205
80309
80412
80515
80618
80721
80825
80927
81031
81134
81237
81340
81444
81548
81651
81789
82041
82144
82247
82351
82455
82558
82661
82764
82867
82968
83071
83175
83279
83383
83486
83589
83693
83796
83900
84003
84106
84209
84312
84415
84519
84622
84725
84829
84932
85035
85138
85241
85344
85447
85549
85653
85756
85860
85963
86066
86170
86273
86377
86481
86584
86687
86791
86894
86997
87100
87203
87307
87410
87513
87617
87719
87821
87925
88028
88132
88235
88338
88441
88544
88647
88749
88852
88955
89059
89162
89265
89368
89471
89574
89677
89781
89885
89988
90090
90194
90297
90399
90502
90605
90708
90811
90913
91016
91119
91223
91326
91430
91534
91883
91986
92089
92192
92295
92398
92501
92603
92707
92811
92915
93018
93122
93226
93329
93432
93535
93638
93741
93844
93947
94051
94154
94257
94360
94463
94566
94670
94773
94876
94979
95082
95185
95289
95392
95495
95598
95700
95803
95906
96008
96110
96214
96318
96421
96524
96627
96730
96834
96937
97041
97143
97247
97350
97453
97557
97660
97764
97867
97970
98072
98175
98286
98390
98494
98597
98700
98804
98907
99010
99113
99216
99318
99422
99526
99629
99732
99835
99938
100041
100145
100248
100351
100455
100559
100662
100765
100868
100971
101074
101177
101280
101388
101490
101593
101696
101799
101903
102006
102181
102283
102386
102489
102592
102695
102799
102902
103005
103109
103212
103315
103417
103521
103625
103728
103831
104271
104374
104477
104580
104683
104787
104890
104994
105098
105201
105304
105407
105511
105615
105718
105821
105924
106028
106131
106235
106339
106443
106547
106649
106752
106856
106958
107061
107165
107268
107371
107475
107578
107681
107784
107887
107990
108093
108197
108300
108403
108507
108611
108715
108818
108921
109024
109128
109231
109335
109439
109543
109647
109751
109854
109957
110060
110164
110268
110371
110474
110577
110681
110785
110888
110991
111094
111197
111300
111404
111508
111977
112024
112079
112122
112163
112220
112284
112344
112753
112803
113724
113775
113835
113885
114766
114816
114874
115929
115973
116027
116239
116395
116458
117269
117420
117501
117786
119021
119073
119125
119167
121228
121267
121317
121459
121717
121762
121804
121847
122702
122740
122792
123844
123900
123967
124123
124420
124462
124609
124713
124998
125052
125279
125451
126365
126551
126597
126647
127170
127238
127855
127899
127955
128314
128456
128553
128650
128747
129164
129268
129372
129476
129580
129683
129786
129890
129993
130096
130199
130303
130406
130510
130614
130717
130820
130923
131027
131130
131234
131337
131441
131544
131647
131750
131853
131956
132060
132163
132267
132413
132456
132560
132664
132710
132855
132958
133062
133109
133168
133224
133282
133340
133402
133456
133530
133585
133638
133694
133951
133996
134042
134531
134634
134738
134841
134945
135048
135151
135246
135299
135457
136241
136297
136336
136423
136471
136548
136603
136660
136705
136749
136803
137193
137252
137311
137370
137427
137542
137594
137646
137698
137748
138273
138509
138591
138641
138688
138728
138770
138915
138955
139149
139569
139673
139776
139879
139983
140086
140189
140292
140394
140498
140601
140704
140808
140911
141014
141118
141221
141325
141429
141533
141642
141745
141848
141950
142053
142156
142198
142353
142456
142559
142662
142764
142867
142970
143073
143175
143277
143380
143483
143659
143799
143980
144026
144130
144233
144335
144439
144541
144755
144842
144898
144956
145016
145073
145127
145183
145249
145298
145353
145402
145851
145954
146058
146161
146264
146367
146471
146574
146677
146780
146884
146987
147090
147194
147298
147401
147505
147608
147711
147814
147918
148021
148124
148227
148330
148433
148536
148640
148744
148847
148950
149052
149155
149258
149361
149465
149567
149670
149773
149876
149979
150082
150185
150271
150316
150366
150469
150571
150674
150777
150880
151249
151352
151398
151591
151652
151741
151790
151836
151886
152252
152303
152351
152409
152461
152506
152557
152613
152700
152796
152843
152904
153642
153688
153736
153777
153817
153981
154032
154187
154236
154343
154392
154441
154490
154542
154604
154663
154717
154771
154825
154883
154933
155003
155054
155154
155217
155275
155342
155404
155459
155509
155578
155639
155695
155748
155812
155871
155930
155984
156043
156097
156157
156212
156271
156325
156384
156438
156496
156559
156618
156672
156716
156822
156919
157031
157226
157404
157508
157611
157714
157817
157919
158022
158125
158228
158332
158435
158538
158641
158744
158847
158951
159054
159158
159261
159364
159467
159570
159674
159782
159884
159985
160088
160191
160293
160404
160507
160609
160712
160815
160917
161021
161125
161228
161331
161630
161729
161775
161828
161882
161985
162088
162192
162295
162332
162374
162429
162532
162635
162738
162841
162945
163053
163155
163202
163246
163534
163586
163643
163696
163749
163807
163949
164001
164042
164083
164133
164186
164236
164286
164336
164386
164439
164492
164542
164595
164645
164698
164751
164799
164845
164889
164933
165030
165474
165578
165681
165784
165887
165990
166375
166434
166473
166515
166607
166647
166694
166788
167002
167105
167208
167319
167423
167526
167629
167731
167834
167938
168042
168145
168248
168352
168456
168560
168664
168767
168876
168979
169083
169186
169289
169782
169886
169989
170092
170195
170298
170401
170504
170607
170710
170812
170915
171059
171108
171160
171208
171256
171304
171352
171400
171457
171505
171553
171603
171659
171709
171760
171814
171865
171919
171975
172033
172097
172155
172214
172276
172335
172397
172440
173712
173815
173918
174027
174131
174234
174337
174440
174549
174652
174755
174859
174963
175066
175169
175272
175376
175479
175582
175685
175789
175892
175995
176097
176201
176303
176407
176511
176614
176914
177017
177120
177223
177327
177429
177532
177634
178088
178134
178335
178435
178538
178640
178743
178885
178937
179002
179058
179564
179858
179910
179955
180014
180066
180362
180601
180672
181688
181957
182016
182077
182141
182200
182258
182313
182443
182607
182927
182988
183056
186025
186082
186387
186590
186722
187208
187606
187657
187702
187741
187782
187829
187924
187972
188022
188075
188127
188182
188229
188276
188327
188373
188421
188474
188574
188616
188665
188725
188991
189355
189398
191667
191707
191741
192307
192346
192392
192432
192476
192520
192564
192612
192660
192713
192755
192801
192849
192887
192929
192969
193013
193056
193099
193143
193182
193238
193282
193326
193376
193418
193464
193505
193550
193596
193648
193695
193737
193779
193825
193868
194431
194477
194536
194877
194920
194963
195163
195699
196338
196383
196443
196501
196566
196617
196668
196716
196769
196814
196875
197561
197700
197749
197792
197837
197882
197942
198002
198069
198136
198179
198232
198277
198336
198381
198427
198484
198537
198587
198650
198705
198754
198807
199116
199169
199223
199272
199317
199405
199448
199540
199586
199736
199784
199830
199881
199940
199986
200130
200173
200214
200259
200303
200384
200449
200500
200548
200591
200640
200684
200739
200788
200833
200877
200921
200965
201009
201046
201087
201143
201190
201240
201285
201331
201453
201495
201535
201752
201837
201884
201929
201976
202018
202067
202375
202908
202962
203062
203105
203156
203198
203352
203478
203646
203958
204061
204120
204181
204242
204312
204462
205268
206451
206493
206846
207752
207808
207866
207925
207974
208021
208065
208134
208198
208261
208343
208407
208472
208537
208600
208656
208714
208779
208841
208932
208996
209058
209121
209183
209254
209451
209495
209539
209584
209632
209676
209726
209780
209834
209886
209932
209985
210028
210071
210116
210172
210613
210663
210839
210888
210941
210994
211044
211088
211140
211439
211531
211584
211636
211960
212009
212057
212104
212629
212675
212757
213007
213522
213685
213789
214158
214206
214612
214663
214903
214956
215003
215048
215095
215319
215591
215648
215707
215748
216001
216545
216731
216831
217068
217168
217213
217262
217312
217366
217416
217561
217607
217656
217843
218287
218670
218719
218767
218817
218859
219480
219530
219584
219626
220021
220064
220113
220166
220207
220307
220594
220638
220711
220784
220857
220922
220987
221052
221117
221182
221240
221298
221356
221414
221465
221521
221577
221633
221688
221743
221794
221845
221896
221947
222001
222055
222109
222163
222217
222271
222328
222385
222438
222491
222544
222597
222650
222701
222755
222809
222863
222917
222971
223025
223068
223417
223473
223531
223590
223629
223794
225302
225546
225808
225855
226276
226403
226446
226494
226542
226590
226638
226686
226729
226780
226824
226873
226923
226985
227041
227097
227150
227194
227251
227293
227351
227409
227467
227525
227571
227611
227675
227732
227787
227840
227892
227941
227994
228051
228098
228154
228211
228277
228329
228385
228439
228502
228563
228615
229005
229054
229183
229224
229269
229309
229353
229390
229431
229471
229515
229573
229631
229688
229746
229795
229842
229882
229917
229996
230036
