1200
1320
1557
3071
3407
3558
3717
3889
3937
3983
4106
4495
4546
4669
8639
8853
8957
9064
9168
9331
9597
9687
9800
10164
10342
11932
12106
12195
12505
12607
14108
14185
14453
14530
14798
14875
15143
15220
15573
15645
15976
16046
16832
16985
17054
18189
19000
19334
19413
19985
21891
22129
22185
25751
25929
26822
27917
33175
43527
43640
43831
44046
45100
46159
46222
47051
47176
47276
47370
47482
47534
47631
47801
47889
50513
50924
50967
53760
54187
54229
54404
54566
54612
54662
54716
56865
121541
127999
128360
128407
128504
128601
128698
133909
136471
137798
138509
138872
139196
144644
144799
151446
152660
153559
153600
157320
157361
161576
162480
163487
166257
166302
166562
166833
166873
172540
172586
172696
172960
173214
180118
187878
188915
191779
195021
196935
197620
199361
199499
200342
202120
202204
203402
203833
204925
205176
205465
209319
211688
213747
214524
214714
215200
215466
215793
218085
220554
224125
224170
225681
226236
229956
230216
