11
57
110
159
215
290
338
385
425
477
530
603
650
714
762
823
881
932
984
1035
1079
1116
1165
57221
63379
63417
63446
63470
63497
63562
63635
68561
68599
68623
68657
68702
68747
68790
68830
68869
68910
68951
68995
69037
69074
69118
69166
69215
69268
69320
69357
69406
69450
69499
69547
69600
69651
69696
69740
69787
69831
69876
69921
69967
70012
70062
70115
70160
70205
70250
70295
70341
70378
70415
70466
70514
70573
70633
70686
74451
76713
76739
77375
77849
81755
81838
81910
81951
91637
111611
111699
111769
111879
111941
112411
112464
112500
112534
112849
112892
113174
113431
113484
113533
113594
113640
113683
113937
114290
114415
114473
114544
114589
114687
114937
114983
115026
115096
115141
115229
115289
115336
115375
115432
115481
115526
115587
115625
115705
115757
115836
116076
116125
116190
116285
116339
116523
116939
116992
117072
117125
117169
117216
117317
117356
117467
117542
117642
117690
117839
118424
118515
118562
118642
118713
118743
118791
118852
118894
118943
118982
119228
119284
119342
119403
119505
119552
119667
119707
119738
119799
119889
119932
119963
119993
120033
120064
120098
120133
120633
120704
120753
120846
120892
120932
121182
121364
121425
121625
121893
122086
122192
122311
122371
122435
122502
122602
122634
122848
122918
122983
123017
123124
123234
123287
123541
123803
124024
124076
124166
124216
124369
124511
124657
124758
124805
124965
125102
125161
125229
125325
125373
125498
125537
125582
125881
126124
126316
126416
126503
126695
126730
126876
126933
127009
127062
127123
127285
127334
127415
127465
127504
127563
127660
127754
127787
128043
128194
128259
128795
132368
132812
133747
133826
134088
134137
134192
134253
135211
135354
135395
135500
135587
136388
136855
136903
137484
137798
137940
138218
138320
138389
138823
138999
139052
139107
139297
142301
143762
143848
143887
143932
145450
145495
145558
145812
150229
150983
151446
151530
151698
151933
151982
152755
152957
153012
153080
153141
153214
153261
153314
153393
153447
153498
153866
153921
154089
154138
154296
155103
156768
156874
156962
157078
157135
157177
157273
161433
161470
161515
161678
163296
163340
163394
163443
163864
164979
165093
165355
165430
166093
166139
166190
166302
166743
166923
166959
169392
169660
169711
171018
172486
172626
172757
172802
172919
173000
173037
173076
173117
173169
173254
173294
173562
173617
173663
176662
177738
178037
178237
178846
179101
179377
179443
179494
179617
179677
179730
179777
179820
180411
180736
180928
181098
181306
181571
181743
182495
182667
183120
183225
183287
183414
183691
183864
184032
184208
184402
184581
184763
184939
185109
185287
185470
185656
185827
186134
186459
186905
187087
187268
187450
188517
188780
188827
188876
188915
189036
189288
189436
189549
189654
189776
189899
190043
190174
190303
190486
190614
190749
190916
191120
191218
191302
191411
191828
191875
191994
192047
193909
193976
194234
194307
194381
194577
194640
194731
194813
195021
195213
195272
195324
195377
195419
195500
195551
195602
195650
195747
195783
195840
195885
196272
196304
196991
197156
197402
197620
198865
198968
199043
199639
201370
201406
201580
201619
201664
201796
202163
202430
202483
202531
202585
202636
203017
203243
203286
203444
203518
203589
203704
203751
203833
204382
204420
204506
204551
204815
204883
205220
205319
205427
205535
205689
205872
206034
206270
206551
206626
206671
206711
206770
206804
206906
206947
207078
207124
207407
207445
207480
207525
207565
207616
207673
207719
209378
210226
210272
210318
210355
210708
210791
211189
211236
211307
211350
211401
211485
211728
211840
211895
212157
212305
212358
212432
212479
212552
212589
212714
212820
212864
212906
212959
213076
213119
213171
213248
213573
213630
213841
213991
214038
214115
214252
214289
214362
214403
214452
214524
214759
214817
214858
215137
215270
215365
215410
215506
215846
215907
215956
216045
216086
216139
216182
216226
216498
216592
216643
216776
216886
216958
217015
217114
217470
217766
217803
217899
217944
217993
218046
218127
218186
218255
218330
218388
218434
218470
218531
218578
218623
218903
219314
219355
219407
219672
219930
219974
220252
220353
220394
220440
220516
223121
223205
223250
223311
223372
223672
223747
223843
223891
223950
224012
224075
224237
224273
224411
224622
224660
224699
224736
224773
225031
225202
225251
225362
225417
225492
225605
225642
225681
225759
225910
225952
225989
226026
226073
226115
226158
226200
226320
228667
228725
228767
228803
228842
228878
228919
228962
229105
229144
230086
230141
230179
