1200
1242
1279
1320
1557
1629
1677
1729
1780
1827
1878
1925
1976
2028
2085
2129
2177
2233
2293
2341
2393
2442
2495
2543
2595
2643
2695
2742
2793
2837
2885
2932
2983
3025
3071
3116
3173
3223
3275
3346
3407
3452
3503
3558
3607
3663
3717
3771
3833
3889
3937
3983
4106
4159
4228
4291
4366
4441
4495
4546
4600
4669
4726
4797
4868
4932
4996
5057
5117
5177
5260
5336
5408
5479
5551
5636
5721
5806
5883
5960
6037
6114
6191
6261
6331
6401
6471
6539
6607
6675
6742
6809
6872
6935
6998
7061
7127
7193
7259
7325
7391
7457
7526
7595
7660
7725
7790
7855
7920
7983
8049
8115
8181
8247
8313
8379
8439
8499
8569
8639
8692
8769
8853
8905
8957
9064
9168
9243
9331
9415
9506
9597
9687
9800
9917
10044
10164
10247
10342
10430
10541
10653
10757
10861
10971
11073
11179
11275
11378
11483
11597
11687
11774
11852
11932
12017
12106
12195
12291
12398
12505
12607
12713
12830
12942
13061
13178
13290
13402
13504
13604
13703
13801
13907
14005
14108
14185
14271
14364
14453
14530
14616
14709
14798
14875
14961
15054
15143
15220
15306
15399
15488
15573
15645
15726
15814
15897
15976
16046
16125
16211
16292
16371
16450
16532
16610
16686
16764
16832
16902
16985
17054
17131
17219
17311
17401
17487
17575
17648
17723
17804
17879
17955
18034
18110
18189
18258
18347
18438
18535
18626
18718
18813
18905
19000
19077
19165
19255
19334
19413
19491
19571
19673
19784
19888
19985
20061
20139
20232
20326
20425
20524
20625
20726
20836
20946
21044
21140
21238
21337
21440
21536
21634
21733
21783
21833
21891
21942
22006
22069
22129
22185
22245
22306
22380
22452
22524
22591
22656
22721
22782
22846
22910
22971
23034
23097
23160
23220
23295
23368
23448
23508
23568
23643
23718
23800
23882
23951
24019
24078
24137
24196
24255
24314
24381
24448
24511
24574
24637
24703
24780
24851
24922
24990
25063
25136
25215
25287
25357
25425
25492
25556
25624
25696
25751
25804
25865
25929
25991
26059
26118
26182
26239
26301
26369
26428
26496
26558
26619
26693
26768
26822
27076
27133
27189
27246
27303
27357
27424
27474
27537
27596
27662
27730
27795
27859
27917
28029
28119
28203
28306
28383
28495
28560
28635
28710
28783
28850
28914
28978
29053
29106
29166
29221
29278
29337
29397
29454
29515
29573
29635
29694
29763
29826
29882
29944
30011
30069
30127
30184
30243
30294
30357
30430
30500
30565
30639
30708
30786
30859
30925
30986
31066
31138
31205
31280
31350
31420
31485
31555
31620
31691
31757
31827
31892
31962
32027
32096
32170
32240
32305
32368
32427
32493
32556
32624
32688
32752
32821
32889
32939
32999
33062
33121
33175
33239
33312
33381
33457
33520
33596
33663
33726
33796
33859
33922
33982
34048
34118
34190
34265
34335
34404
34470
34542
34605
34680
34748
34811
34894
34962
35018
35070
35128
35188
35247
35308
35372
35435
35501
35559
35617
35679
35736
35795
35859
35912
35972
36043
36109
36163
36212
36281
36340
36402
36461
36525
36581
36653
36713
36769
36839
36895
36952
37020
37084
37145
37219
37285
37345
37409
37478
37542
37598
37660
37717
37776
37833
37895
37965
38022
38084
38138
38194
38249
38325
38384
38438
38498
38553
38613
38668
38735
38793
38854
38910
38959
39009
39062
39117
39181
39247
39313
39367
39428
39485
39540
39602
39662
39720
39775
39850
39925
40001
40077
40151
40220
40296
40369
40444
40517
40591
40664
40746
40822
40881
40942
41006
41062
41129
41193
41250
41312
41374
41431
41499
41569
41624
41682
41739
41799
41860
41927
41981
42036
42090
42161
42231
42286
42340
42394
42449
42509
42570
42625
42693
42746
42803
42861
42929
43006
43069
43136
43208
43271
43334
43394
43456
43527
43581
43640
43695
43763
43831
43880
43919
43958
43996
44046
44085
44141
44201
44242
44288
44340
44378
44420
44469
44522
44576
44634
44688
44746
44800
44858
44911
44968
45011
45058
45100
45153
45198
45243
45297
45354
45408
45462
45516
45570
45627
45684
45738
45795
45849
45906
45963
46013
46061
46109
46159
46222
46266
46306
46350
46394
46442
46484
46530
46578
46616
46658
46698
46742
46784
46830
46871
46916
46963
47005
47051
47087
47130
47176
47221
47276
47316
47370
47419
47482
47534
47574
47631
47671
47713
47758
47801
47842
47889
47934
47985
48039
48094
48161
48225
48291
48357
48427
48489
48571
48634
48695
48759
48820
48884
48950
49018
49083
49145
49209
49283
49340
49403
49462
49527
49595
49657
49719
49785
49843
49921
49980
50037
50108
50156
50210
50276
50344
50397
50450
50513
50562
50624
50682
50741
50804
50868
50924
50967
51016
51076
51130
51200
51277
51350
51430
51489
51547
51620
51683
51742
51805
51876
51952
52009
52070
52133
52213
52277
52333
52388
52450
52511
52569
52628
52688
52752
52813
52866
52922
52984
53045
53108
53147
53191
53239
53284
53327
53371
53410
53458
53502
53544
53590
53634
53676
53719
53760
53804
53865
53923
53974
54024
54068
54109
54148
54187
54229
54278
54341
54404
54446
54505
54566
54612
54662
54716
54777
54857
54925
55004
55078
55149
55221
55287
55364
55441
55508
55594
55669
55741
55811
55882
55975
56047
56116
56197
56266
56341
56418
56492
56550
56608
56659
56711
56759
56815
56865
56917
56976
57028
57078
57127
57175
