178237
178376
180411
180529
180736
180858
180928
181033
181098
181306
181428
181502
181571
181743
181883
182374
182495
182667
182791
182862
183287
183414
183543
183619
183691
183798
183864
183968
184032
184143
184208
184330
184402
184515
184581
184696
184763
184872
184939
185044
185109
185221
185287
185402
185470
185590
185656
185762
185827
185953
186134
186317
186459
186647
186781
186840
186905
187018
187087
187540
196991
197098
197156
197276
197402
197505
199639
200037
203833
204004
205535
205634
205689
205794
205872
205976
206168
206216
206270
206374
212157
212253
217470
217706
