79856
81789
111977
112024
112079
112122
112163
112220
112284
112344
112753
112803
113724
113775
113835
113885
114766
114816
114874
115929
115973
116027
116239
116395
116458
117269
117420
117501
117786
119021
119073
119125
119167
121228
121267
121317
121459
121541
121717
121762
121804
121847
122702
122740
122792
123844
123900
123967
124123
124420
124462
124609
124713
124998
125052
125279
125451
126365
126551
126597
126647
127170
127238
127855
127899
127955
127999
128314
128360
128407
128456
128504
128553
128601
128650
128698
128747
132413
132664
133062
133109
133168
133224
133282
133340
133402
133456
133530
133585
133638
133694
133909
133951
133996
134042
135151
135246
135299
135457
136241
136297
136336
136423
136471
136471
136548
136603
136660
136705
136749
136803
137193
137252
137311
137370
137427
137542
137594
137646
137698
137748
137798
138273
138509
138509
138591
138641
138688
138728
138770
138872
138915
138955
139149
139196
142156
143799
143980
144644
144755
144799
144842
144898
144956
145016
145073
145127
145183
145249
145298
145353
145402
150185
150271
150316
151352
151398
151446
151591
151652
151741
151790
151836
151886
152252
152303
152351
152409
152461
152506
152557
152613
152660
152700
152796
152843
152904
153559
153600
153642
153688
153736
153777
153817
153981
154032
154187
154236
154343
154392
154441
154490
154542
154604
154663
154717
154771
154825
154883
154933
155003
155054
155154
155217
155275
155342
155404
155459
155509
155578
155639
155695
155748
155812
155871
155930
155984
156043
156097
156157
156212
156271
156325
156384
156438
156496
156559
156618
156672
156716
156822
156919
157031
157226
157320
157361
161576
161630
161729
161775
161828
162295
162332
162374
162429
162480
163155
163202
163246
163487
163534
163586
163643
163696
163749
163807
163949
164001
164042
164083
164133
164186
164236
164286
164336
164386
164439
164492
164542
164595
164645
164698
164751
164799
164845
164889
164933
165030
166257
166302
166375
166434
166473
166515
166562
166607
166647
166694
166788
166833
166873
171059
171108
171160
171208
171256
171304
171352
171400
171457
171505
171553
171603
171659
171709
171760
171814
171865
171919
171975
172033
172097
172155
172214
172276
172335
172397
172440
172540
172586
172696
172960
173214
176614
178088
178335
178885
178937
179002
179058
179564
179858
179910
179955
180014
180066
180118
180362
180601
180672
181688
181957
182016
182077
182141
182200
182258
182313
182443
182607
182927
182988
183056
186025
186082
186387
186590
186722
187208
187606
187657
187702
187741
187782
187829
187878
187924
187972
188022
188075
188127
188182
188229
188276
188327
188373
188421
188474
188574
188616
188665
188725
188915
188991
189355
189398
191667
191707
191741
191779
192307
192346
192392
192432
192476
192520
192564
192612
192660
192713
192755
192801
192849
192887
192929
192969
193013
193056
193099
193143
193182
193238
193282
193326
193376
193418
193464
193505
193550
193596
193648
193695
193737
193779
193825
193868
194431
194477
194536
194877
194920
194963
195021
195163
195699
196338
196383
196443
196501
196566
196617
196668
196716
196769
196814
196875
196935
197561
197620
197700
197749
197792
197837
197882
197942
198002
198069
198136
198179
198232
198277
198336
198381
198427
198484
198537
198587
198650
198705
198754
198807
199116
199169
199223
199272
199317
199361
199405
199448
199499
199540
199586
199736
199784
199830
199881
199940
199986
200130
200173
200214
200259
200303
200342
200384
200449
200500
200548
200591
200640
200684
200739
200788
200833
200877
200921
200965
201009
201046
201087
201143
201190
201240
201285
201331
201453
201495
201535
201752
201837
201884
201929
201976
202018
202067
202120
202204
202375
202908
202962
203062
203105
203156
203198
203352
203402
203478
203646
203833
203958
204061
204120
204181
204242
204312
204462
204925
205176
205268
205465
206451
206493
206846
207752
207808
207866
207925
207974
208021
208065
208134
208198
208261
208343
208407
208472
208537
208600
208656
208714
208779
208841
208932
208996
209058
209121
209183
209254
209319
209451
209495
209539
209584
209632
209676
209726
209780
209834
209886
209932
209985
210028
210071
210116
210172
210613
210663
210839
210888
210941
210994
211044
211088
211140
211439
211531
211584
211636
211688
211960
212009
212057
212104
212629
212675
212757
213007
213522
213685
213747
213789
214158
214206
214524
214612
214663
214714
214903
214956
215003
215048
215095
215200
215319
215466
215591
215648
215707
215748
215793
216001
216545
216731
216831
217068
217168
217213
217262
217312
217366
217416
217561
217607
217656
217843
218085
218287
218670
218719
218767
218817
218859
219480
219530
219584
219626
220021
220064
220113
220166
220207
220307
220554
220594
220638
220711
220784
220857
220922
220987
221052
221117
221182
221240
221298
221356
221414
221465
221521
221577
221633
221688
221743
221794
221845
221896
221947
222001
222055
222109
222163
222217
222271
222328
222385
222438
222491
222544
222597
222650
222701
222755
222809
222863
222917
222971
223025
223068
223417
223473
223531
223590
223629
223794
224125
224170
225302
225546
225681
225808
225855
226236
226276
226403
226446
226494
226542
226590
226638
226686
226729
226780
226824
226873
226923
226985
227041
227097
227150
227194
227251
227293
227351
227409
227467
227525
227571
227611
227675
227732
227787
227840
227892
227941
227994
228051
228098
228154
228211
228277
228329
228385
228439
228502
228563
228615
229005
229054
229183
229224
229269
229309
229353
229390
229431
229471
229515
229573
229631
229688
229746
229795
229842
229882
229917
229956
229996
230036
230216
