58145
58249
58353
58456
58560
58663
58766
58869
58971
59074
59176
59279
59382
59485
59588
59691
59795
59898
60002
60106
60209
60311
60415
60488
60591
60694
60796
60899
61002
61106
61208
61311
61415
61519
61622
61725
61828
61930
62034
62137
62241
62344
62447
62551
62655
62758
62861
62965
63069
63172
63275
63690
63793
63896
64000
64103
64206
64309
64412
64515
64618
64721
64824
64927
65030
65133
65235
65339
65442
65545
65649
65752
65855
65958
66060
66163
66267
66370
66473
66576
66680
66783
66886
66997
67100
67204
67307
67410
67528
67631
67735
67838
67941
68044
68148
68252
68355
68458
70740
70843
70947
71050
71153
71256
71358
71461
71564
71667
71770
71873
71976
72079
72183
72287
72390
72493
72597
72699
72801
72904
73007
73110
73214
73316
73419
73522
73625
73729
73832
73935
74038
74141
74245
74347
74502
74605
74709
74812
74915
75019
75121
75224
75327
75431
75431
75579
75683
75786
75888
75990
76093
76196
76300
76402
76505
76609
77437
77540
77643
77746
77889
77993
78096
78199
78302
78405
78508
78611
78714
78817
78920
79031
79135
79237
79340
79443
79546
79650
79753
79895
79998
80101
80205
80309
80412
80515
80618
80721
80825
80927
81031
81134
81237
81340
81444
81548
81651
82041
82144
82247
82351
82455
82558
82661
82764
82867
82968
83071
83175
83279
83383
83486
83589
83693
83796
83900
84003
84106
84209
84312
84415
84519
84622
84725
84829
84932
85035
85138
85241
85344
85447
85549
85653
85756
85860
85963
86066
86170
86273
86377
86481
86584
86687
86791
86894
86997
87100
87203
87307
87410
87513
87617
87719
87821
87925
88028
88132
88235
88338
88441
88544
88647
88749
88852
88955
89059
89162
89265
89368
89471
89574
89677
89781
89885
89988
90090
90194
90297
90399
90502
90605
90708
90811
90913
91016
91119
91223
91326
91430
91534
91883
91986
92089
92192
92295
92398
92501
92603
92707
92811
92915
93018
93122
93226
93329
93432
93535
93638
93741
93844
93947
94051
94154
94257
94360
94463
94566
94670
94773
94876
94979
95082
95185
95289
95392
95495
95598
95700
95803
95906
96008
96110
96214
96318
96421
96524
96627
96730
96834
96937
97041
97143
97247
97350
97453
97557
97660
97764
97867
97970
98072
98175
98286
98390
98494
98597
98700
98804
98907
99010
99113
99216
99318
99422
99526
99629
99732
99835
99938
100041
100145
100248
100351
100455
100559
100662
100765
100868
100971
101074
101177
101280
101388
101490
101593
101696
101799
101903
102006
102110
102181
102283
102386
102489
102592
102695
102799
102902
103005
103109
103212
103315
103417
103521
103625
103728
103831
103934
104271
104374
104477
104580
104683
104787
104890
104994
105098
105201
105304
105407
105511
105615
105718
105821
105924
106028
106131
106235
106339
106443
106547
106649
106752
106856
106958
107061
107165
107268
107371
107475
107578
107681
107784
107887
107990
108093
108197
108300
108403
108507
108611
108715
108818
108921
109024
109128
109231
109335
109439
109543
109647
109751
109854
109957
110060
110164
110268
110371
110474
110577
110681
110785
110888
110991
111094
111197
111300
111404
111508
129164
129268
129372
129476
129580
129683
129786
129890
129993
130096
130199
130303
130406
130510
130614
130717
130820
130923
131027
131130
131234
131337
131441
131544
131647
131750
131853
131956
132060
132163
132267
132456
132560
132710
132855
132958
134531
134634
134738
134841
134945
135048
139569
139673
139776
139879
139983
140086
140189
140292
140394
140498
140601
140704
140808
140911
141014
141118
141221
141325
141429
141533
141642
141745
141848
141950
142053
142198
142353
142456
142559
142662
142764
142867
142970
143073
143175
143277
143380
143483
143586
143659
144026
144130
144233
144335
144439
144541
145851
145954
146058
146161
146264
146367
146471
146574
146677
146780
146884
146987
147090
147194
147298
147401
147505
147608
147711
147814
147918
148021
148124
148227
148330
148433
148536
148640
148744
148847
148950
149052
149155
149258
149361
149465
149567
149670
149773
149876
149979
150082
150366
150469
150571
150674
150777
150880
151249
157404
157508
157611
157714
157817
157919
158022
158125
158228
158332
158435
158538
158641
158744
158847
158951
159054
159158
159261
159364
159467
159570
159674
159782
159884
159985
160088
160191
160293
160404
160507
160609
160712
160815
160917
161021
161125
161228
161331
161882
161985
162088
162192
162532
162635
162738
162841
162945
163053
165474
165578
165681
165784
165887
165990
167002
167105
167208
167319
167423
167526
167629
167731
167834
167938
168042
168145
168248
168352
168456
168560
168664
168767
168876
168979
169083
169186
169289
169782
169886
169989
170092
170195
170298
170401
170504
170607
170710
170812
170915
173712
173815
173918
174027
174131
174234
174337
174440
174549
174652
174755
174859
174963
175066
175169
175272
175376
175479
175582
175685
175789
175892
175995
176097
176201
176303
176407
176511
176914
177017
177120
177223
177327
177429
177532
177634
178134
178435
178538
178640
178743
