57221
63417
63446
63470
63497
63562
68561
68599
68623
68657
68702
68747
68790
68830
68869
68910
68951
68995
69037
69074
69118
69166
69215
69268
69320
69357
69406
69450
69499
69547
69600
69651
69696
69740
69787
69831
69876
69921
69967
70012
70062
70115
70160
70205
70250
70295
70341
70378
70415
70466
70514
70573
70633
70686
76713
76739
77375
81951
178237
180411
180736
180928
181098
181306
181571
181743
182495
182667
183120
183225
183287
183414
183691
183864
184032
184208
184402
184581
184763
184939
185109
185287
185470
185656
185827
186134
186459
186905
187087
187268
187450
196991
197156
197402
199639
203833
205535
205689
205872
206034
206270
212157
217470
